XC1 = 0.7246
XC2 = -0.3609
XC3 = -0.04242
XC4 = -0.05569
XC5 = 1.905
XC6 = 1.887
XC7 = -0.0564
YC1 = -0.3529
YC2 = 0.1274
YC3 = 0.8327
YC4 = 2.4111
YC5 = 0.004007
YC6 = 0.1202
YC7 = 2.386
XN = (X-512.0)/512.0
YN = (Y-512.0)/512.0
XDISP = XC1*XN*YN + XC2*XN*XN + XC3*YN*YN + XC4*XN*XN*YN + XC5*XN*YN*YN + XC6*XN*XN*XN + XC7*YN*YN*YN
YDISP = YC1*XN*YN + YC2*XN*XN + YC3*YN*YN + YC4*XN*XN*YN + YC5*XN*YN*YN + YC6*XN*XN*XN + YC7*YN*YN*YN
XOUT = X - XDISP
YOUT = Y - YDISP
